1	[283871, 6867004618030506.0]
10	[349605, 8760504454804088.0]
12	[363411, 8908169232568344.0]
14	[332169, 8037378311113240.0]
16	[408297, 6809842687926156.0]
18	[470449, 6624456836086982.0]
21	[462902, 5614392024152106.0]
23	[468168, 6451346629534787.0]
25	[460419, 5856675426911384.0]
27	[486147, 5612757871013009.0]
29	[494176, 5125583155540744.0]
3	[327906, 7831084992617580.0]
30	[532626, 6289385703094482.0]
5	[314808, 7650729608515697.0]
7	[291091, 6609437942050528.0]
9	[328172, 7933239921644258.0]
11	[344305, 1.0342691324300022e+16]
13	[379136, 1.0043056937489396e+16]
15	[328921, 7734305667777589.0]
17	[505611, 7177072624143415.0]
19	[462184, 5592819195459919.0]
2	[306095, 7767735936654136.0]
20	[546837, 7989450606086618.0]
22	[435493, 4682290647846316.0]
24	[492288, 7096665814318054.0]
26	[466406, 5776890585048420.0]
28	[484554, 5083848637811962.0]
31	[519906, 7118784899355098.0]
4	[307399, 7282232104906937.0]
6	[319882, 8239939725116309.0]
8	[296829, 7151083649049486.0]
